00,         ,          ,000.00
00,         ,          ,000.00
00,         ,          ,000.00
00,         ,          ,000.00
04,firstname,  lastname,005.00
00,         ,          ,000.00
00,         ,          ,000.00
00,         ,          ,000.00
00,         ,          ,000.00
00,         ,          ,000.00
00,         ,          ,000.00
00,         ,          ,000.00
00,         ,          ,000.00
00,         ,          ,000.00
00,         ,          ,000.00
00,         ,          ,000.00
00,         ,          ,000.00
00,         ,          ,000.00
00,         ,          ,000.00
00,         ,          ,000.00
00,         ,          ,000.00
00,         ,          ,000.00
00,         ,          ,000.00
00,         ,          ,000.00
00,         ,          ,000.00
00,         ,          ,000.00
00,         ,          ,000.00
00,         ,          ,000.00
00,         ,          ,000.00
00,         ,          ,000.00
00,         ,          ,000.00
00,         ,          ,000.00
00,         ,          ,000.00
00,         ,          ,000.00
00,         ,          ,000.00
00,         ,          ,000.00
00,         ,          ,000.00
00,         ,          ,000.00
00,         ,          ,000.00
00,         ,          ,000.00
00,         ,          ,000.00
00,         ,          ,000.00
00,         ,          ,000.00
00,         ,          ,000.00
00,         ,          ,000.00
00,         ,          ,000.00
00,         ,          ,000.00
00,         ,          ,000.00
00,         ,          ,000.00
00,         ,          ,000.00
00,         ,          ,000.00
00,         ,          ,000.00
00,         ,          ,000.00
00,         ,          ,000.00
00,         ,          ,000.00
00,         ,          ,000.00
00,         ,          ,000.00
00,         ,          ,000.00
00,         ,          ,000.00
00,         ,          ,000.00
00,         ,          ,000.00
00,         ,          ,000.00
00,         ,          ,000.00
00,         ,          ,000.00
00,         ,          ,000.00
00,         ,          ,000.00
00,         ,          ,000.00
00,         ,          ,000.00
00,         ,          ,000.00
00,         ,          ,000.00
00,         ,          ,000.00
00,         ,          ,000.00
00,         ,          ,000.00
00,         ,          ,000.00
00,         ,          ,000.00
00,         ,          ,000.00
00,         ,          ,000.00
00,         ,          ,000.00
00,         ,          ,000.00
00,         ,          ,000.00
00,         ,          ,000.00
00,         ,          ,000.00
00,         ,          ,000.00
00,         ,          ,000.00
00,         ,          ,000.00
00,         ,          ,000.00
00,         ,          ,000.00
00,         ,          ,000.00
00,         ,          ,000.00
00,         ,          ,000.00
00,         ,          ,000.00
00,         ,          ,000.00
00,         ,          ,000.00
00,         ,          ,000.00
00,         ,          ,000.00
00,         ,          ,000.00
00,         ,          ,000.00
00,         ,          ,000.00
00,         ,          ,000.00
